(,(760,3673,11088))
(AA,(2,8,6))
(AE,(43,200,119))
(AK,(116,547,336))
(AL,(1062,4883,4817))
(AP,(40,130,94))
(AR,(448,2140,2098))
(AS,(3,14,2))
(AZ,(2518,10387,7020))
(CA,(16009,65205,44945))
(CO,(2078,7791,4904))
(CT,(1249,5519,3637))
(DC,(601,2725,1649))
(DE,(617,2416,1599))
(FL,(9921,44940,37873))
(FM,(7,28,42))
(GA,(4883,22284,22090))
(GU,(13,63,54))
(HI,(394,1516,959))
(IA,(398,2096,1284))
(ID,(362,1628,869))
(IL,(4151,17303,15692))
(IN,(1177,5366,4098))
(KS,(506,2363,1745))
(KY,(769,3476,2489))
(LA,(953,4851,5195))
(MA,(2077,8964,5344))
(MD,(3701,14409,8696))
(ME,(384,1544,784))
(MH,(4,16,0))
(MI,(2747,11700,7907))
(MN,(1319,5399,3129))
(MO,(1422,6277,5615))
(MP,(3,19,1))
(MS,(532,2276,2704))
(MT,(151,795,504))
(NC,(3189,13337,13329))
(ND,(96,421,392))
(NE,(365,1427,868))
(NH,(436,2185,894))
(NJ,(4245,18572,12271))
(NM,(417,2445,1328))
(NV,(1454,5462,4718))
(NY,(7256,32664,24781))
(OH,(3320,14649,10483))
(OK,(693,3205,2041))
(OR,(1369,5456,2627))
(PA,(3710,17151,11916))
(PR,(232,1146,616))
(PW,(3,7,0))
(RI,(364,1477,857))
(SC,(1317,6387,6956))
(SD,(127,733,331))
(State,(0,0,1))
(TN,(1609,7479,6564))
(TX,(7586,36568,34453))
(UNITED STATES MINOR OUTLYING ISLANDS,(0,0,18))
(UT,(571,2486,2749))
(VA,(3749,14683,8998))
(VI,(22,131,16))
(VT,(170,787,328))
(WA,(2312,9664,5729))
(WI,(1213,5018,3491))
(WV,(234,1242,774))
(WY,(103,459,234))
